19333924
22371393
21814388
22371398
25559283
25890061
20688887
25630558
20947785
14718514
24133594
21175440
25403681
26693351
19714584
25859060
15924139
19261822
12937154
19828047
27194760
25867237
26484033
20439745
22449172
25120835
20032116
21234329
23793923
21962220
16145083
23536630
22649440
20739487
25324502
15043759
22474381
21289056
26154421
18222349
20844833
19794494
16555617
24851068
22241891
26969153
16792674
26267274
24038489
22924041
24179165
20368275
25191152
25815344
24511137
23263238
25249559
24511136
24103556
22813067
21756023
23175700
18367833
25835392
24827905
19389853
19286697
22157657
22543833
25034161
22503529
12872442
21757952
23123062
26441987
20877463
24578330
25473406
24309403
18216215
25133636
25799079
25246883
12885882
19440201
25341722
26208150
18669614
23641052
22152586
24280990
25018981
24450291
21968013
25079220
17301191
16879242
21548924
23716895
19875807
21448451
12519305
25381425
25271777
21719792
24475421
20131293
23296190
24475423
26079813
25909640
25694535
25230773
21183590
25550784
26309588
26393521
20847146
23732627
23052653
26626573
17200182
17200187
24174881
22068125
24121351
26064998
12746403
26247770
12209530
20189790
23302718
26431044
16859527
23118507
22942433
24945254
26628350
25829232
19195964
21452327
19116256
24911414
20526313
26200622
25664031
24711620
24009452
20407205
23123401
22150431
24918438
24363128
24223846
26209628
23398888
15972950
22832344
19349211
15972951
16191101
19016912
21566110
16249223
23752208
21445283
19524870
22640796
18353770
21135166
19571279
24580413
25849330
22428706
24046355
24967628
22095943
21985369
22095947
23999431
24574541
15059271
25098821
26311254
17711577
22415926
19491317
23411782
23223530
26056621
20974510
23138484
27146825
23138486
24864250
21785618
24423013
25986232
27365897
25152896
24303155
23157336
18752876
21473850
24203998
12897205
24489972
18421480
25680740
24858067
25520739
23881970
23926186
18245810
21839366
20451460
24130771
25779381
19369404
24192007
27386067
24260533
24101379
23015147
25889472
24851027
21896500
21309006
21925138
18625627
21399633
22739248
20507092
22977631
21860793
24165783
15931280
19876656
25475594
20617138
19889756
23574327
18808409
26536600
26396491
26179878
26601115
19661220
27199983
24969023
18776126
24638095
25271328
23220425
25031752
23723424
22203819
18684896
20659590
24520505
26316577
25345756
19502970
20174562
24603486
23143503
17073941
24587356
22028590
19816511
18538590
20551088
21866090
21795644
25992629
21378566
26032627
18716655
24654803
20023659
24357668
21420034
19020005
19020006
19883423
25147157
18443354
18003764
24356971
12464671
25972812
25168832
25168831
25168830
23486009
26407295
24589342
24133352
21310077
26553979
15312140
25964890
27188801
22926695
21179115
16723695
16723697
22205356
24277043
23813219
22978266
23116248
19406992
22909298
24717117
19504718
12390326
26697341
19545416
19535485
15834094
22491420
25131209
23412421
26518904
25319549
20506300
21326171
22879592
25138065
24319531
24926311
18975016
25972485
25378944
25145929
18163495
21355056
20080665
23303074
24411715
20482780
24650571
19433458
25361085
26261628
27194829
18971369
23074572
22065842
17942957
20368271
25648906
12651599
24007972
24167574
26648110
22626820
19279120
22719874
26139132
24459517
24292724
20003354
22492744
24100126
26670616
27152262
24328032
20651158
24328031
17409136
15458961
22473035
19298532
27099858
24021028
23857989
26252021
22737082
23554717
17916599
25452879
21584692
26034600
20811154
19339092
26549923
26098644
15312125
25107950
19129465
26291718
23388721
20015093
24086313
24550645
19673933
12692432
18564343
17336688
26854253
23626823
15681419
23553627
26871801
26312158
18045944
21542875
20719305
19470687
23617397
20847290
19807734
25869298
19834059
25816025
23349374
23733658
24714414
24449581
24449582
25985801
23506628
22489574
24175291
25071157
26919255
23478276
26072030
26874511
22079330
26134897
26079958
26291522
17062137
26136946
23483275
12429585
21993584
19562370
25530085
23689905
18285351
24257693
26371477
19019999
22626802
16308570
25624739
23813556
22645623
24876116
26380915
23139387
21526053
22162716
22798538
22151087
24672300
15788471
24031236
20616167
17901956
20203164
27493452
25587543
19687229
24701032
25565310
23153039
23224025
16552633
24854879
20012231
23197956
26822129
25887118
23072577
27275220
25632350
24412713
23747510
22445570
24868462
24667130
25313791
19073787
25516918
22811597
25182141
12800261
17428936
25101989
16628251
24720953
18784258
26786326
21352206
24458077
24069362
24478405
25341723
12775360
23826128
24423147
26120578
18624728
24204969
25995660
25995666
25995665
19008373
23671432
23320601
23537120
22232703
25180065
26215860
23645677
25982307
26700873
23480832
24390324
19806240
25014039
26509176
19949735
20478032
24304565
25161113
20299361
24928472
15606616
24378741
25012177
22956760
23512109
26268558
14684698
25715120
18202746
25279147
19584729
24998921
26167688
23235567
18272827
25071375
24610926
24610927
20696988
23152298
21555394
25949467
26165613
24500834
23773275
27285824
25975951
22492944
19405952
25973075
24146510
25568173
20116156
22571761
21886975
18955361
22984080
21494642
21804090
18216319
23372691
27022348
12110148
23717311
25979109
27000966
12930357
20662003
23833315
27044423
14748744
20376320
23107152
24803850
18684942
22826711
12634242
21600011
19926892
27212794
22553077
22143975
25271634
15542672
14745006
22423653
26146641
20566570
23962238
26376387
19258388
12296852
25180061
26348529
20706654
24755564
23761676
21325353
16352575
26413873
22912661
16888029
22178726
24732864
24892944
26816594
21076530
27301376
23984264
23431073
22457806
22738421
26041042
17255313
22364305
17255314
22659029
20299360
27082569
18450925
25500817
23529444
16145079
16492738
25164257
22956816
22096362
25886601
14678263
25039784
19056875
18272841
21943202
26999189
12908875
24847348
22761629
23962570
21317243
20144927
15498032
21723257
26078982
19339380
21742731
18481113
24523358
18034299
21847026
24412206
18577219
24967239
23499488
23472149
24613056
22574220
25258482
24349116
25406340
23961041
12093879
25369758
23091320
25954969
26312134
24992143
20135728
24940801
25480673
22345791
12414508
20065116
22615651
22392450
25483333
17898087
27200372
26609451
22087198
16690620
25032130
27231931
23907509
23875044
18797415
19752320
12100021
18769366
25163389
19193794
12519402
22086919
19177153
26894025
19828613
18941180
20113498
14742268
25343449
24175678
20797908
25337950
20615910
12788971
17229675
24860837
22157712
19307730
24116891
26086034
27314022
15286009
24925725
24925724
15379960
26294975
23638222
21839714
21828345
22952809
25408545
12368200
24081865
19144150
24360027
26527894
27478594
19625379
14962970
19564135
19451267
11854324
16045739
11854321
23983769
26629207
19737241
21569625
12922959
25926050
17699427
26064491
24178970
24178974
22083497
26092830
20133703
26035554
21358326
25750566
25750567
23251621
22147912
21640331
24700867
23620841
19759526
25647400
23035125
24602470
21514420
26613025
26613029
26579219
26664475
22728826
24286366
16361810
22682295
21990022
25805743
22933338
26198842
19387456
21304992
26858715
21281790
25447342
18397273
18235094
22223610
24957876
22279542
22068337
19435795
18235099
25012471
14871404
26207243
24374810
25514610
24030732
23837450
25993321
19193778
24508410
23474705
22173878
26096149
21367904
25860248
24586071
23153443
22674120
20813859
19820122
21813453
14742244
17504842
22583611
24864270
21660521
22236212
23171281
23864940
23029130
23166431
25841937
19936226
22021709
11828340
25168025
19299705
20368280
24194522
20647424
25424423
17971229
21342299
23520206
24171081
23728000
19833663
19194566
26415960
19194560
11879541
25994030
21507948
16688825
17071582
17726530
24174968
27418857
25239564
22390203
26380197
22500106
12368222
24284512
25853135
26704903
22942739
24187486
23510032
25329154
26406879
23117396
22193386
24647443
24856380
24154691
21949093
26080801
25861459
21911940
18516230
19740350
24666814
23301082
25694468
12057007
22380717
24598802
24351718
25337295
23627732
19812195
26464612
25433496
24335294
21755057
18525002
12466119
21755058
21989080
24583068
25765888
18256364
16367998
18508946
18508945
17418236
23400706
23075413
19498001
22723521
26568951
22567501
18172551
24578331
19073822
24700796
12067297
19287096
16051848
23778422
22152021
24903994
23320395
26544975
24741600
22837393
24084841
26762103
17456756
24715899
25995749
25774523
25879629
26149790
24892704
24892706
26885107
20124285
27171494
24529330
15067315
25229338
23863504
12707052
12588892
21471003
22137928
21223581
25766759
25848316
22552385
15343378
26770333
24511118
21983633
26252578
25270074
22788914
23723567
25550864
23049788
21896374
17507072
26379900
18182777
19787053
21719782
26349433
24009220
26577187
17942611
26502965
24133327
27044255
19470682
21400484
20039408
22522762
26506346
24885021
22157707
27412348
21074826
17537921
20430943
22529955
27504461
21447124
21447128
20015271
25427084
21378152
26098692
25265199
24052934
24363950
22844593
22933624
23990165
19785730
23411427
20026760
24027576
24632712
24093684
26322947
16873265
25505065
22886616
19561787
26637482
23840845
27152293
24330024
23226568
21795328
19074170
23842190
19808230
21161284
16207338
16677395
15841213
20833509
18614628
22111871
15208719
25860947
19218887
20213807
25933376
26266776
15039229
24742784
20980973
24052633
12957909
26225955
25739341
25502002
20974805
21946538
23393320
20436708
16769899
26208003
25037630
25995969
18624351
23107969
23470819
26339412
18190458
25866670
16329758
17466922
21808733
27252935
19047436
26161538
24574498
12670973
26336606
21904982
25514176
19297595
24155382
20056836
25007094
23243414
26109484
19528352
22829926
22534961
25468389
23577265
15843451
23433074
20622875
22594991
18565470
17344889
17062753
24818167
26101866
23347386
26482194
15906952
23722669
21178977
23709434
22690240
23019394
20089649
21694443
20130121
24053712
23841097
24206430
23769837
23300552
21566055
20507942
26752353
26411495
18830387
26562836
23766536
22366876
26084513
21441134
21796807
23023393
22249312
19233884
26065428
22773827
21062189
22466005
20150532
25634172
16677376
20976309
23781506
15509547
19834598
20668430
18165266
21799927
19922498
21437870
24721885
17084107
18164029
22046355
26636548
23949802
12759294
22282304
12100720
24106491
18836527
21700827
17766248
20379379
19114531
20436726
24750591
24886340
12634234
25503952
25885587
20582312
11849316
15850490
22205024
24480247
17186473
19570952
23911392
19175801
22700887
18650484
18650480
24477513
23054256
17138610
22058412
22832515
23345539
23979709
17626630
24817705
19143032
23918962
20352117
23586976
26054418
23911822
25488329
21151207
27066465
22864623
22127710
20222110
25396066
20456409
23761678
20628068
17548524
17909053
12163557
25229495
25845911
17925488
25293716
24774748
19478457
21808234
15307049
22566742
19627403
24004970
22595828
19357249
18980674
26622376
26644409
22745791
26039945
21225690
26775659
25008937
21239097
23689567
24221606
21318178
15735321
22977507
22427665
21360506
18637102
21435229
24408121
22773590
24740537
22103575
18054199
26029328
14982864
22288013
21850674
20045237
11865066
24876875
25875837
24719498
20185597
24263778
22859855
24408873
20937089
19196254
22468111
27047807
24493870
17567724
24367026
12370273
19923437
18784646
24194163
24175257
26045740
19264905
20062740
24334865
18443225
19939855
21784830
24458086
23799000
23492941
25759267
23642030
23170163
22876812
15196236
24822208
16531554
27390744
26337665
21383240
19297556
24161035
27416024
19247694
23035232
22346356
23035233
18779345
22536486
27492607
22162633
21637713
17617918
23946285
12429536
22797185
20605879
26082101
22797181
22752397
19587833
25006455
24171032
18094368
23658521
24904582
14616786
17601821
24889603
21595885
14632646
27002825
26622353
23667674
22811482
24504811
20348240
25785827
19689741
24312306
22031763
22135313
24590287
24325951
19142224
20801192
20051853
21956190
26502884
20127204
20660402
15373921
23576011
23835063
27243813
19838113
22656245
12937160
23225077
24817342
22804709
26413270
21741931
22189356
25523477
24398680
21910715
24265790
18823551
24808359
17913816
21974877
23445537
21784819
20635188
25194005
24548980
21804539
20448018
21596948
20448019
24001203
26393352
19714201
26640759
24646854
21561736
19764949
25325319
23280626
21765852
26769799
23918926
25671815
20007346
19258455
18226185
26490763
18209092
24666423
25339233
23272089
25887068
25035274
24115193
21623603
21623600
25328330
19672116
19798593
23762118
18197980
19572409
16082006
24658533
17034587
21487638
17683621
18243143
23138488
24782186
21597041
23325076
18308289
20392290
25956757
27098560
22892911
19628667
26512111
19628668
17640968
23448612
20619604
20491793
19495805
24790180
24790181
24375012
24282506
20706108
24294005
26848302
18818194
17325203
26062877
23136880
24812637
19286673
19092120
22822077
24581098
17710109
25500702
23068019
18768857
21985370
22377738
24762401
23577616
22505707
22248284
26067753
25587123
26740740
23637879
22362909
23623956
22518072
24182857
19270487
23697344
19050297
18795942
24505421
25100047
23591971
24942185
23869211
20680961
20463084
24238698
22205851
22542290
20959392
20807613
24742477
19955187
26443483
24854282
25036148
19845477
25421557
25674232
24603328
19778426
16792669
27148252
26537928
20651232
21982749
26039132
24982189
17215284
23438039
26978656
18422731
19266104
25963357
21881212
23133379
27243752
19713315
19177158
24052158
25594543
19864599
19348047
24925721
12639994
26834492
19515233
20197102
24782597
25676004
21905015
24189364
21846944
18070148
23467423
22911825
22811690
26208142
18650410
15720443
21632984
23049597
23935844
23897774
22662869
25225370
17393451
21233415
23028591
25003873
21282555
20595679
25886501
23577189
17983447
20566738
16027240
21068243
26508883
17499704
23171048
22941560
26390437
24648800
20731671
22685654
22685655
25493386
22774989
24023680
19349693
23226562
20653937
17429340
15147346
23983101
21769173
23833568
24528105
21281782
22479529
18178779
23169140
26472621
25554644
20185599
23445749
21402784
22247758
23569546
23135723
19713307
20954187
20954185
25667632
25209176
23075110
17027056
20407278
21680739
26451157
24850720
21233332
20714136
26005050
20714131
20332377
25394321
25267554
24647714
15199407
25339546
18794856
23805377
21720565
23519178
23559580
23270666
25412738
25210592
24520244
26610845
21799148
26108549
19357719
22451718
23312002
19198021
25684863
26722454
23365086
18930919
23653850
18400940
15654833
25350944
23185265
19422093
26038576
25789166
25168829
26426696
24795896
12840782
26063800
16097045
24088176
25847402
21525855
23259069
15718519
22200760
16675603
23906943
16586546
22955884
25250522
21635228
25122857
24371584
20194724
21882343
19951398
25279306
24642466
25398787
22844329
25682967
23046838
21998196
25273097
24940399
27489799
20488952
19411110
22297676
19838659
18793417
22383747
23204401
16159900
23891555
25045296
12235207
27276392
27114872
12122116
16517866
20457871
19352178
25852866
24533624
23675111
25349197
22251701
25349199
25564653
23874017
17947538
15030528
25305756
19478097
24981059
15566429
25881125
16864899
25849124
24599252
24876122
22871574
22791939
23762862
23256781
16641102
23441175
18660675
17015618
23826305
21471216
21368745
22415778
19567477
23951169
19228423
23303673
19422708
21196518
25655069
22792353
20150449
25655068
24943867
22876066
21310064
25949432
23024299
25949430
23962611
19530234
26069827
24335975
26894022
20734088
12823277
26317864
25107948
23384999
25270872
20089495
14701729
20089494
21997397
21997394
21426891
18023882
25733516
18524434
25624573
26181659
20017900
21445316
22892855
24558374
19761540
24480824
26040555
24586974
22922768
22477004
18337488
23171638
21151138
25205493
26537989
19891659
19959716
26629350
26629352
26028593
20573267
22949850
25145932
19381017
22917002
26465326
21555532
26465327
22984434
20613715
24658608
21098093
25740596
17116414
18776119
24884842
26376134
12810961
23520491
20005488
22785436
24262502
15215188
24262509
26120731
27439867
22328173
18601746
22325903
22578019
25047252
19246645
15361580
24855074
21541658
25542908
20530261
25521631
26879015
22493483
24067434
22808235
26966395
27075414
19463168
20485490
19515800
25283761
25969652
18596122
18287252
19470674
25071083
21776287
25071088
14615579
20551626
25071084
25412897
23291473
25026899
26191151
25742509
20720406
23566295
24527245
25380644
22460095
17229708
24412542
12566518
24649023
25775191
24596084
24498924
23395521
15113870
22322304
20479942
26154922
26322088
19946746
26048044
19812164
23274426
24946688
22189654
24286516
23281889
20671931
21566112
19465643
15640267
23940344
26202435
26023331
16940519
20368911
16779461
26215859
24417947
20947506
21729272
24465439
20041189
17386074
19201910
16227292
24158609
22065098
23258543
22467656
24788122
22240444
19052538
14583570
17078867
26734864
21723244
23359225
22422888
22422882
19920151
19429563
20835318
15102324
12782671
17513793
23892722
23382559
18050273
20160435
17968932
23748975
25281698
25966347
19299746
18602807
19932542
20616172
20805419
20349519
21106847
19656913
25772621
18521959
15284340
20562105
23326257
20523037
17046818
24386384
20429898
20876681
20810612
23834843
23517575
12146887
26100457
17056583
21613614
21278219
27304068
24207130
21445358
21445359
24073245
18216320
15996185
15996187
18569973
26539835
26903607
14511240
17156859
26029207
21354048
18939994
25411791
19528347
16542360
25484532
25411248
25740009
25922073
24998891
19834792
25060059
18684976
26301083
18644797
24715900
21221075
24071652
22331027
12383203
19116348
24379120
18334740
19936525
25041590
23990922
24489907
19892861
25165975
24346805
25012167
20531454
25080548
21704009
22701502
22707612
25844902
23479095
24376766
21655071
24106214
26997877
24106215
22323642
24895384
26316103
24610931
24790760
20696778
25590668
18566449
22904352
22761655
22180614
15534216
27083877
12464682
23197963
24262793
16522749
25897671
20709951
20364043
25400916
23741418
21116313
25857203
27093923
26955632
23926131
24559085
17287345
20580617
21245596
15277235
15277234
18836458
16647630
25281528
18803832
11839593
22142890
22917699
16840568
19153477
25821307
23283994
23529285
23918873
24098572
25741648
25239302
18336594
18081690
25768299
18347343
25993319
19679669
26038497
20697163
24637605
26894034
26310926
18185509
21525165
22351778
26692173
21475428
21415311
18187568
25154742
23483208
19303686
24376269
24345872
24382852
25216031
17896805
24498203
24651839
25056347
20353968
27270328
23864776
24700868
25061428
21727182
21679442
25978333
18567737
21496228
22343787
25550833
18596723
24093110
17569780
18199804
18199802
18199801
25205735
25205734
25288605
25288604
21278074
18995876
25629046
24722446
24722444
25520922
19578009
25553252
19578004
19850889
23994375
26474533
24025640
23439390
14988508
24263531
16400008
23637987
16400006
15466392
27212788
21359059
21296850
16723711
24602463
19040602
26054645
19158367
19054578
25019165
25984669
22684072
22130908
20980737
17898072
22815998
23728936
22151999
22553339
27179439
26877927
20489153
23143785
20736896
15154614
23736353
20881942
24535024
17517971
12100037
12100030
26862379
23750697
22539830
22787315
26496290
18941193
19820130
18845821
18941198
25885601
23336423
24864268
26092123
22184119
21423850
21905506
20370898
15320902
20106918
15161651
11966771
16436653
17275907
20800271
24587392
22443450
26251712
22076873
15226360
19046415
26584539
23620441
24705449
24832093
26335102
24161038
24890338
21980113
24935958
16297170
14617752
26380984
23896482
18166587
23463342
18562595
17467802
21533280
12813023
25011573
17493292
23023776
22691190
27296136
24904089
24904088
22151901
19965542
25786178
20006790
23460853
18094002
11994421
22389703
18480312
24429403
25468480
20528885
17914026
25124676
25406339
20705965
24651072
20634301
20634300
21514418
22499139
23936824
22561615
21508898
26697207
21508899
19113793
18443593
21411733
23717698
24988067
19917779
15897466
25318753
12953096
23479564
12100018
12486102
12100015
26423329
22279336
25927214
25796088
21670416
17067309
25757867
22403278
25501752
22960330
22727560
23312808
24775913
19919693
22348591
15161633
11966754
18366777
23762025
21920606
26985373
26846181
22421928
18443363
23620398
15939909
24676636
22513848
24676634
19194559
25270065
22171659
25270066
18353869
23393315
24713653
26151848
25104775
24979482
20535269
24074005
15361381
25607109
21705616
17041218
20067905
23465716
12176802
23471196
19646905
25381429
25889427
21059275
26833584
24962962
17626081
20308633
19035491
24942574
22011580
24637920
25306868
23599406
21911970
25635037
20203158
24498182
25689250
15147569
26764407
26792978
24069045
24339887
16968397
22965004
21801865
25703185
20634323
23531237
23237239
15020332
21087477
24670800
24789552
26177311
25409466
21904445
24707402
18256354
18256352
18256359
23723563
26092827
27278657
24475019
24482713
22002593
19503829
24578329
26611326
27455305
19279127
20704704
19641378
25414319
26081107
26064505
24357064
17249506
25381091
21868496
19667095
25037591
26468951
25749534
23842188
18596102
23380389
23154208
24048114
25007257
18097688
21904636
27100186
17428886
24175085
25884409
20016375
25354239
23949798
18505436
26893829
18505435
24022661
22841793
18206321
26246906
19180485
26120444
12634249
11982588
12110014
26040666
24883149
22573118
24503666
23815467
23929771
21658830
16316334
22892043
26195505
21719445
23006340
26436650
27069855
23833263
24429828
26222864
17177964
11806875
17324967
26137589
22157710
21287397
27226968
16966706
25805747
19275685
26613031
15899041
24004452
20976140
27294191
15146236
21559160
23095233
24307851
18071286
24772174
25852895
16367948
20512127
22427838
26197890
18509531
19417726
16603441
18820018
20856893
22952987
22519964
18055544
23423260
16299065
21716586
24244623
18638365
24408117
26024358
24220188
16474034
27275157
15113920
22783007
17991287
26110394
12937130
18534654
24322428
18461133
23098365
22754697
19158408
17135217
19406958
18509321
21636801
23970121
21088295
25396061
23966458
19017674
17608689
24743510
26755355
19668221
19494264
19729834
18268355
20506525
25447132
26986150
18512813
20567810
25098295
12695155
12730337
18727041
21493743
23228194
21694925
15367646
27092244
18184820
22797187
18385269
12656448
22192660
18614999
22673887
22673888
26904669
23504409
22837754
20688249
11806894
19390219
18632851
23698709
22390814
25143333
12707364
25743125
20625508
23888367
21258035
24262501
24151519
21258036
25035272
25852915
20089486
24319475
26889216
25052363
25318750
22279570
21873194
24811838
19359523
23547217
19004030
19150426
26889425
12653841
23162269
12651625
25512114
24786645
26034748
12507911
19657089
19357256
23868926
23554645
23874454
23199328
22969955
22969957
25573910
20823119
24861084
14597604
15932511
23144993
16126985
21435230
24648797
22471278
23659670
22151647
24029422
24029421
21278336
17581999
23741359
22677553
22677550
19342370
22112359
16412051
21904676
26693395
21969887
21084753
23014460
21997392
21997396
25876770
22282596
23108091
25171193
18716664
16611919
20685820
23687361
26634903
12165074
22955019
18822317
20459816
22172568
22982296
24045023
19908070
25272150
26718763
24106831
22719208
20404718
12393848
18082680
17347836
20013129
21949095
21474589
25973081
17482564
25610143
16232206
25657981
21885670
19095947
20572299
21529387
23593433
24158984
18826328
20003822
23572245
20347645
22298906
20347641
14616796
21393489
17488515
15743722
25943359
26161303
20876822
25774492
25402503
15314156
26272322
24915008
24790179
21908426
24891301
25386563
23024158
18281283
26221341
21885791
20573824
21949728
25890083
26998275
12875975
25926428
26070982
25573908
23903418
16877338
22811491
26156092
26235895
19403630
19167760
22344511
25902303
19262577
22318827
24743731
25633986
17901210
15343382
15343386
19132787
25407002
26137581
27389192
15162443
19040610
27143950
18644972
26110642
20386929
18625050
23755248
25505993
20414362
24489644
27051593
24161042
17609275
16507125
25740769
19633127
21651778
26788463
20064986
26889427
26889423
23856995
17971457
27119429
24051429
22607047
20685822
21276227
26571382
18224344
23886564
23886566
23886567
25423645
24119848
25834391
11773615
20201986
25404935
21148254
21784898
23325080
18056482
26348210
25968128
15180894
19714623
21278767
